image_width: 1280
image_height: 720
camera_name: head_camera
camera_matrix:
  rows: 3
  cols: 3
  data: [925.3264673320697, 0, 583.8217577935251, 0, 923.0779675998072, 320.8191235714144, 0, 0, 1]
distortion_model: plumb_bob
distortion_coefficients:
  rows: 1
  cols: 5
  data: [-0.01559777834443528, 0.02160079540147795, 0.002713889063397197, -0.003229498511655455, 0]
rectification_matrix:
  rows: 3
  cols: 3
  data: [1, 0, 0, 0, 1, 0, 0, 0, 1]
projection_matrix:
  rows: 3
  cols: 4
  data: [921.2289428710938, 0, 579.8155801199027, 0, 0, 917.4366455078125, 322.9077856023869, 0, 0, 0, 1, 0]